0	0	0
15	0.976837	1.69121
30	3.11498	3.7781
45	5.97685	5.61922
60	9.02886	7.23779
75	12.1628	8.48329
90	15.5901	9.55561
105	19.1367	10.8692
120	22.7166	12.2406
135	26.421	13.0495
150	29.4448	13.8005
165	31.9638	14.8116
180	34.1982	15.9657
195	36.0335	17.5433
210	37.8131	18.9476
225	39.6283	19.7465
240	41.0975	20.3292
255	42.6185	20.8329
270	44.0954	21.7192
285	45.7566	22.6011
300	47.6045	23.3438
315	49.0955	23.8634
330	50.526	24.1349
345	52.0378	24.4604
360	53.7105	24.889
375	55.179	25.492
390	55.9609	26.8923
405	56.7792	28.0968
420	57.2784	28.9949
435	58.0129	29.8925
450	59.1868	30.8306
465	60.146	31.7913
480	61.1174	32.8616
495	62.0769	33.8546
510	62.8651	34.0585
525	64.1065	34.1025
540	65.5321	33.8256
555	66.9961	33.7427
570	68.3371	33.9896
585	69.5049	34.3154
600	70.4856	34.8453
615	71.3338	35.4133
630	72.3191	35.6602
645	73.2848	36.1957
660	74.2361	36.6328
675	75.2651	36.8774
690	76.135	37.2436
705	76.4132	37.7128
720	76.6865	38.0873
735	77.2901	38.4691
750	78.3704	38.7462
765	79.2868	39.1986
780	79.9684	39.5828
795	80.5805	39.8362
810	81.2134	40.5094
825	81.3938	41.1974
840	81.8896	42.2006
855	82.7111	42.7225
870	83.1732	43.6629
885	83.3828	44.2736
900	83.441	44.568
