0	0	0
15	0.936007	1.7019
30	2.65887	3.70939
45	4.84091	5.29278
60	7.88143	6.52262
75	11.2628	7.72224
90	14.6272	9.12509
105	18.0275	10.4961
120	21.0392	11.6553
135	23.7283	12.8402
150	26.2587	14.2611
165	29.0998	15.1146
180	31.4429	15.4295
195	33.4493	15.768
210	35.0925	16.394
225	36.5745	16.6436
240	37.7891	17.4466
255	39.4142	18.4172
270	41.7007	19.2856
285	44.1655	19.8021
300	46.586	20.315
315	48.981	20.7529
330	51.1793	21.3128
345	53.237	22.1169
360	55.2414	23.2182
375	56.7291	24.3744
390	58.3023	25.4974
405	59.9005	26.4462
420	61.3755	27.3713
435	62.8372	28.2407
450	64.2707	28.9212
465	65.466	29.7478
480	66.4893	30.5758
495	67.798	30.9394
510	69.2815	31.7619
525	70.6934	32.1119
540	72.0137	32.1674
555	73.2397	32.1193
570	74.2396	32.2767
585	75.6444	32.6979
600	77.3022	32.985
615	78.3818	33.0836
630	79.3468	33.4301
645	80.3081	34.0658
660	81.0455	34.9024
675	81.5697	35.5094
690	82.3628	36.2267
705	83.3405	36.9143
720	84.2211	37.4934
735	85.1629	37.8203
750	86.4105	38.2737
765	87.5329	38.8318
780	88.5054	39.1674
795	89.4539	39.4753
810	90.2886	39.6338
825	91.2257	40.1367
840	92.1418	40.8543
855	93.0875	41.6234
870	94.4128	42.4102
885	95.5507	43.3103
900	96.7069	43.8923
