0	0	0
15	1.04192	1.32637
30	2.91559	2.66545
45	5.01494	3.74783
60	7.45534	4.44094
75	9.7177	5.07835
90	11.1752	5.64686
105	13.0753	5.95532
120	14.8429	6.63653
135	16.6926	6.91874
150	17.9409	7.30596
165	18.6044	8.09492
180	19.6348	9.06814
195	20.7104	9.87991
210	21.6658	10.5285
225	22.7349	11.0136
240	24.2395	11.5599
255	25.5525	12.1378
270	26.5924	12.519
285	27.6115	12.8096
300	28.8194	13.1722
315	29.5521	13.1673
330	30.1621	13.3128
345	30.8844	13.8739
360	31.6739	13.9653
375	32.4149	14.1052
390	32.8212	14.8369
405	33.285	15.5138
420	33.7532	16.3972
435	34.6619	16.7881
450	35.7403	17.0799
465	36.7569	17.5742
480	38.0914	17.8094
495	38.7057	18.2415
510	38.9968	18.5484
525	39.7186	18.9302
540	40.6444	19.4356
555	41.5118	20.0148
570	42.1157	20.7471
585	42.4592	21.3869
600	42.9361	21.9202
615	43.6438	22.2288
630	44.2882	22.489
645	45.0775	22.5589
660	46.1719	22.2845
675	46.9337	22.5703
690	47.7687	23.0225
705	48.4547	23.4357
720	49.2387	23.6778
735	49.8563	24.1223
750	50.3106	24.5008
765	50.8193	24.6067
780	51.6328	24.8715
795	52.3298	25.5247
810	52.8161	25.7723
825	53.397	25.6558
840	54.0953	25.5584
855	54.7773	25.3932
870	55.7852	24.9784
885	56.5599	24.9338
900	57.037	25.4398
