0	0	0
15	1.12832	1.35433
30	3.33884	2.50479
45	5.94369	3.39577
60	8.40649	4.27129
75	10.6874	4.84494
90	12.6231	5.40746
105	14.1204	6.00224
120	15.6411	6.50501
135	16.8851	7.55607
150	17.9925	8.80102
165	19.4316	9.38125
180	20.919	9.62823
195	22.6198	10.0642
210	23.9543	10.7665
225	25.4028	11.0032
240	26.8221	11.4046
255	27.7304	12.0428
270	28.0489	12.4648
285	28.5707	13.001
300	29.2044	13.5939
315	29.7608	14.0576
330	30.682	14.3834
345	31.5175	14.9437
360	32.4229	15.2943
375	33.4803	15.3744
390	34.4309	15.5726
405	35.3724	16.1612
420	36.0043	16.693
435	36.6735	17.3633
450	37.1907	17.8161
465	37.8326	18.2296
480	38.8433	18.5524
495	39.8853	18.682
510	40.7874	18.9317
525	41.553	19.551
540	42.2296	19.9594
555	43.0004	20.3619
570	43.4671	20.5424
585	43.9681	21.1628
600	44.8981	21.6173
615	45.5022	21.9429
630	45.881	22.2977
645	46.5887	22.6755
660	47.4541	23.0104
675	48.1991	23.3898
690	48.6994	23.4923
705	49.4463	23.5138
720	49.9447	23.8798
735	50.4171	24.2963
750	51.2565	24.559
765	51.8266	24.9613
780	52.6204	25.1023
795	53.0316	25.198
810	53.7435	25.4657
825	54.5357	25.9773
840	55.5787	26.3582
855	56.4108	26.5501
870	57.0663	26.8933
885	57.7497	27.0733
900	58.3561	27.3786
