1.433024e+03
-5.461741e+02
0.000000e+00
4.409381e+01
-1.132210e+03
0.000000e+00
5.366444e+01
-2.154672e+02
0.000000e+00
1.223618e+02
-7.207887e+01
0.000000e+00
9.407733e+02
-1.027502e+03
0.000000e+00
4.041837e+02
-5.727715e+02
0.000000e+00
-7.891710e+02
-5.977968e+01
0.000000e+00
1.760115e+03
-3.168974e+02
0.000000e+00
-1.391900e+03
-9.270992e+02
0.000000e+00
-5.731108e+02
8.677469e+02
0.000000e+00
9.095981e+01
1.332889e+03
0.000000e+00
-4.850537e+02
-1.256929e+03
0.000000e+00
1.617520e+02
6.777154e+01
0.000000e+00
-1.415402e+03
-2.710068e+02
0.000000e+00
-5.598439e+02
-1.337644e+02
0.000000e+00
1.024672e+03
3.924434e+01
0.000000e+00
-1.508001e+03
3.136385e+02
0.000000e+00
-1.065544e+03
-6.835770e+02
0.000000e+00
6.491434e+01
-8.787873e+02
0.000000e+00
-1.504037e+02
-1.590642e+02
0.000000e+00
-1.367163e+03
1.862655e+02
0.000000e+00
1.588898e+03
3.125786e+02
0.000000e+00
-5.220159e+02
-3.737252e+02
0.000000e+00
-5.754565e+02
-1.233850e+03
0.000000e+00
-6.865367e+02
-9.840791e+02
0.000000e+00
2.715293e+02
-3.536497e+02
0.000000e+00
1.120837e+03
9.377818e+02
0.000000e+00
-9.160965e+02
1.233326e+02
0.000000e+00
6.177380e+02
1.137254e+02
0.000000e+00
-5.037583e+01
5.953618e+01
0.000000e+00
1.504684e+03
-9.538033e+01
0.000000e+00
-1.349943e+02
-7.031603e+02
0.000000e+00
-1.599447e+03
-4.068520e+02
0.000000e+00
1.849300e+03
6.134851e+02
0.000000e+00
-1.637743e+03
1.008554e+03
0.000000e+00
-6.036164e+02
3.601745e+02
0.000000e+00
7.608361e+02
-2.580046e+02
0.000000e+00
-1.212552e+03
4.258424e+02
0.000000e+00
-4.055073e+02
-2.982596e+02
0.000000e+00
2.690867e+02
-1.874487e+02
0.000000e+00
-3.378556e+02
-6.045948e+02
0.000000e+00
-9.666052e+00
-2.129182e+02
0.000000e+00
-6.035437e+01
2.065273e+02
0.000000e+00
-4.786327e+02
-1.183288e+03
0.000000e+00
1.580569e+03
-1.742468e+02
0.000000e+00
3.685200e+02
-1.595018e+03
0.000000e+00
1.359051e+03
-3.543003e+02
0.000000e+00
6.754992e+02
6.512092e+02
0.000000e+00
-1.929238e+01
1.366111e+02
0.000000e+00
9.502325e+02
-6.892343e+02
0.000000e+00
1.413499e+03
-7.556736e+02
0.000000e+00
-1.095673e+02
1.823965e+03
0.000000e+00
-2.572306e+02
-9.172037e+02
0.000000e+00
9.559519e+02
-5.570914e+02
0.000000e+00
-2.556073e+02
1.462469e+03
0.000000e+00
1.565387e+02
-2.711628e+02
0.000000e+00
-7.719494e+02
1.758771e+03
0.000000e+00
-4.496022e+02
-2.205347e+02
0.000000e+00
2.795646e+02
7.972162e+02
0.000000e+00
-6.319525e+02
1.345467e+02
0.000000e+00
-1.752363e+02
2.976937e+02
0.000000e+00
1.902640e+03
3.357721e+02
0.000000e+00
-2.910401e+02
3.527131e+02
0.000000e+00
-2.829572e+02
5.610579e+02
0.000000e+00
2.278208e+02
-1.000767e+02
0.000000e+00
1.613759e+02
4.854309e+02
0.000000e+00
5.971161e+02
1.344374e+02
0.000000e+00
-7.599768e+00
1.089763e+03
0.000000e+00
-1.051748e+03
-8.337901e+02
0.000000e+00
-5.363891e+01
-5.399849e+02
0.000000e+00
5.069678e+02
-1.900235e+03
0.000000e+00
-1.719163e+03
5.127516e+02
0.000000e+00
8.833015e+01
-5.673719e+02
0.000000e+00
3.675594e+02
1.713971e+03
0.000000e+00
1.690227e+03
-9.789104e+02
0.000000e+00
1.885028e+02
3.005096e+02
0.000000e+00
-1.595710e+03
7.677266e+02
0.000000e+00
-3.315612e+02
-4.783838e+02
0.000000e+00
-7.842337e+02
-2.559862e+02
0.000000e+00
-7.837176e+02
-6.744334e+02
0.000000e+00
3.675491e+02
1.601715e+03
0.000000e+00
-5.119255e+02
6.953616e+02
0.000000e+00
-1.838963e+03
1.529348e+02
0.000000e+00
2.817840e-01
3.935065e+00
0.000000e+00
-4.176125e+02
8.966471e+02
0.000000e+00
-1.856549e+03
-3.272492e+02
0.000000e+00
-1.624011e+02
1.928806e+03
0.000000e+00
1.677636e+03
-2.412234e+02
0.000000e+00
-1.472429e+03
1.150090e+03
0.000000e+00
-1.712324e+02
-1.462858e+02
0.000000e+00
-6.988479e+02
-1.877899e+02
0.000000e+00
1.458890e+02
-8.315862e+02
0.000000e+00
1.600983e+03
1.161922e+03
0.000000e+00
-4.364985e+02
4.507972e+02
0.000000e+00
1.099760e+03
6.826175e+02
0.000000e+00
-4.897308e+02
-5.745229e+02
0.000000e+00
-2.454649e+02
-1.187127e+03
0.000000e+00
-3.366391e+02
2.008274e+02
0.000000e+00
-6.923514e+02
-1.437357e+03
0.000000e+00
-1.160876e+03
-3.369824e+02
0.000000e+00
-7.568838e+01
-7.968455e+01
0.000000e+00
-1.678092e+03
2.322304e+02
0.000000e+00
5.273746e+02
1.291435e+01
0.000000e+00
1.755524e-01
-8.780132e+01
0.000000e+00
1.044897e+03
-2.781283e+02
0.000000e+00
1.357840e+03
7.243680e+02
0.000000e+00
3.349519e+02
1.725205e+01
0.000000e+00
-1.525857e+02
-6.659163e+02
0.000000e+00
-1.002635e+03
-6.729254e+02
0.000000e+00
9.087602e+02
-7.858029e+02
0.000000e+00
9.704416e+02
7.924485e+01
0.000000e+00
-1.583093e+03
5.024961e+01
0.000000e+00
7.863062e+02
6.289886e+01
0.000000e+00
1.957534e+02
1.407242e+03
0.000000e+00
-1.371155e+03
4.755206e+02
0.000000e+00
5.146113e+02
-9.311301e+02
0.000000e+00
-1.406200e+03
2.454794e+02
0.000000e+00
4.763517e+02
-1.079680e+03
0.000000e+00
-1.070692e+03
-1.304845e+03
0.000000e+00
-8.126671e+02
8.859921e+02
0.000000e+00
4.112283e+02
-3.007781e+02
0.000000e+00
-2.084422e+01
-1.190033e+01
0.000000e+00
9.779365e+02
7.347426e+02
0.000000e+00
-4.098203e+01
-3.544997e+01
0.000000e+00
-8.719018e+02
-1.347343e+03
0.000000e+00
-1.185057e+03
1.171683e+03
0.000000e+00
1.443909e+03
-1.176986e+03
0.000000e+00
-1.041901e+03
-6.777922e+02
0.000000e+00
-8.236771e+02
-4.793707e+02
0.000000e+00
-4.175912e+00
5.247343e+01
0.000000e+00
-7.244936e+01
-2.594279e+02
0.000000e+00
1.784904e+02
-1.373148e+03
0.000000e+00
-3.105081e+02
2.820236e+02
0.000000e+00
-1.672829e+03
1.012394e+03
0.000000e+00
3.682988e+01
-5.031798e+02
0.000000e+00
1.474575e+03
-1.732346e+02
0.000000e+00
5.432380e+02
-5.692752e+00
0.000000e+00
1.786550e+03
-1.349780e+02
0.000000e+00
-3.654245e+02
-7.346279e+02
0.000000e+00
2.044073e+02
-1.253216e+02
0.000000e+00
6.184509e+02
-5.597751e+02
0.000000e+00
2.307168e+02
1.652356e+03
0.000000e+00
2.869715e+02
5.986039e+02
0.000000e+00
3.368207e+02
1.505960e+03
0.000000e+00
9.979321e+02
-1.675717e+03
0.000000e+00
1.697752e+03
7.089833e+02
0.000000e+00
1.026546e+03
5.792722e+02
0.000000e+00
-2.309350e+01
1.721217e+03
0.000000e+00
1.600589e+02
9.231062e+01
0.000000e+00
-9.369251e+02
-8.889240e+02
0.000000e+00
-3.660914e+02
6.224719e+02
0.000000e+00
3.159411e+02
-2.531833e+02
0.000000e+00
-8.373774e+01
7.601320e+02
0.000000e+00
2.181805e+02
4.496859e+02
0.000000e+00
5.552098e+02
9.974260e+02
0.000000e+00
-5.873692e+02
-4.632349e+02
0.000000e+00
-1.738599e+03
-5.877492e+02
0.000000e+00
1.543606e+02
1.795178e+02
0.000000e+00
2.882973e+01
1.415694e+03
0.000000e+00
1.628387e+03
8.742880e+02
0.000000e+00
5.188028e+01
-1.038323e+02
0.000000e+00
2.630405e+02
1.730390e+01
0.000000e+00
-3.302146e+02
6.023135e+01
0.000000e+00
2.521623e+02
6.415356e+02
0.000000e+00
-2.721542e+01
9.398070e+00
0.000000e+00
1.760020e+02
4.505852e+02
0.000000e+00
-2.450377e+01
8.826618e+02
0.000000e+00
3.116726e+02
-8.611082e+02
0.000000e+00
2.274946e+02
-5.203877e+02
0.000000e+00
2.868643e+02
1.356400e+03
0.000000e+00
-1.487830e+03
9.019623e+02
0.000000e+00
9.446608e+02
3.314878e+01
0.000000e+00
3.888842e+02
3.850602e+02
0.000000e+00
-3.542252e+02
1.200892e+03
0.000000e+00
-6.358285e+02
-2.683909e+02
0.000000e+00
-1.912219e+01
-3.050177e+01
0.000000e+00
-8.438191e+02
5.737548e+02
0.000000e+00
6.081324e+02
1.015122e+03
0.000000e+00
-2.941433e+02
5.291013e+02
0.000000e+00
3.006010e+02
1.864593e+03
0.000000e+00
5.525041e+01
-2.595551e+02
0.000000e+00
-7.718573e+02
-2.002929e+02
0.000000e+00
4.483528e+01
4.176160e+01
0.000000e+00
-1.267075e+02
7.084496e+02
0.000000e+00
-3.432253e+01
-1.605424e+02
0.000000e+00
-7.164812e+02
6.791182e+02
0.000000e+00
-1.224031e+03
4.633125e+02
0.000000e+00
1.180246e+03
5.445679e+02
0.000000e+00
5.915370e+02
1.467820e+03
0.000000e+00
1.312460e+03
4.000185e+02
0.000000e+00
-1.165649e+03
2.736503e+02
0.000000e+00
-2.019141e+02
-1.336372e+02
0.000000e+00
-9.203296e+02
3.949033e+02
0.000000e+00
-7.707083e+02
-7.582107e+02
0.000000e+00
-8.484411e+01
-3.881829e+02
0.000000e+00
1.949418e+03
6.805848e+01
0.000000e+00
-1.943734e+03
-2.540650e+02
0.000000e+00
2.918021e+02
1.575881e+03
0.000000e+00
2.393908e+02
3.318725e+02
0.000000e+00
2.370248e+02
-3.031410e+02
0.000000e+00
9.898815e+02
7.640266e+02
0.000000e+00
-1.837100e+03
-5.101166e+02
0.000000e+00
-1.366566e+02
1.394791e+03
0.000000e+00
-5.355113e+02
1.739813e+03
0.000000e+00
-6.679743e+02
-8.852056e+02
0.000000e+00
-1.387606e+03
6.384224e+01
0.000000e+00
7.506443e+02
3.469010e+02
0.000000e+00
-1.338100e+02
4.759515e+01
0.000000e+00
8.419596e+01
1.931911e+02
0.000000e+00
-1.567585e+02
-1.836855e+03
0.000000e+00
3.813108e+02
-8.613270e+02
0.000000e+00
-1.375501e+00
-1.099871e+03
0.000000e+00
-1.410039e+03
9.294938e+01
0.000000e+00
-2.741203e+02
-4.246894e+01
0.000000e+00
3.758625e+00
2.716337e+01
0.000000e+00
-4.306717e+02
2.370962e+02
0.000000e+00
-3.090552e+02
-5.532906e+00
0.000000e+00
4.174463e+02
2.432004e+02
0.000000e+00
1.011030e+03
-2.348207e+02
0.000000e+00
-1.374607e+03
5.633101e+02
0.000000e+00
1.435865e+03
-7.658393e+02
0.000000e+00
3.117812e+02
9.610177e+02
0.000000e+00
-1.833847e+02
7.741814e+00
0.000000e+00
1.642313e+03
9.727310e+02
0.000000e+00
2.512375e+02
1.198048e+03
0.000000e+00
9.239719e+02
-2.562351e+01
0.000000e+00
1.225794e+03
1.543412e+02
0.000000e+00
1.787023e+02
-2.893211e+02
0.000000e+00
3.798913e+02
-4.570828e+02
0.000000e+00
-1.069567e+03
-9.793616e+01
0.000000e+00
4.509202e+02
3.731977e+02
0.000000e+00
-7.873152e+02
-8.502138e+02
0.000000e+00
2.545847e+02
-1.661254e+03
0.000000e+00
-1.340808e+02
1.021717e+02
0.000000e+00
3.360434e+02
-2.620990e+02
0.000000e+00
-4.075911e+01
-6.570800e+02
0.000000e+00
3.988575e+02
3.296484e+02
0.000000e+00
6.214840e+02
-6.373828e+02
0.000000e+00
-1.063172e+03
-7.472164e+02
0.000000e+00
-1.049318e+03
9.251249e+02
0.000000e+00
-7.022585e+02
-7.290365e+02
0.000000e+00
1.592747e+01
-1.680589e+02
0.000000e+00
1.553479e+03
8.587494e+01
0.000000e+00
1.071951e+02
-1.486858e+02
0.000000e+00
3.189713e+02
1.001677e+03
0.000000e+00
1.115477e+03
1.050551e+03
0.000000e+00
-3.432902e+02
3.559354e+02
0.000000e+00
-2.999605e+02
-4.030306e+02
0.000000e+00
-1.012892e+03
5.965600e+01
0.000000e+00
7.738079e+02
8.780452e+02
0.000000e+00
-2.911416e+02
-2.911268e+01
0.000000e+00
-1.198148e+03
-8.445921e+02
0.000000e+00
1.463066e+03
-1.305839e+03
0.000000e+00
8.709116e+02
-1.155916e+03
0.000000e+00
-1.275572e+02
4.010222e+02
0.000000e+00
1.053074e+02
1.376663e+03
0.000000e+00
-2.725492e+02
-1.084078e+01
0.000000e+00
1.527646e+02
1.473049e+03
0.000000e+00
-7.168023e+02
-5.989893e+02
0.000000e+00
2.937161e+02
3.557090e+02
0.000000e+00
-1.537699e+03
-9.535069e+02
0.000000e+00
-9.844888e+02
6.701913e+02
0.000000e+00
-2.386543e+02
-7.490346e+00
0.000000e+00
6.045423e+01
1.865022e+02
0.000000e+00
-2.361758e+02
-9.679287e+02
0.000000e+00
5.690421e+02
7.941623e+02
0.000000e+00
5.430897e+02
1.304437e+03
0.000000e+00
1.246835e+03
3.809086e+00
0.000000e+00
-1.402020e+03
-1.217318e+03
0.000000e+00
9.568942e+01
-1.899182e+02
0.000000e+00
-9.786555e+02
-6.381925e+02
0.000000e+00
1.084906e+03
-1.110514e+03
0.000000e+00
-7.520976e+02
8.494716e+02
0.000000e+00
5.502129e+01
1.569454e+03
0.000000e+00
-3.276603e+02
3.604300e+02
0.000000e+00
-1.094069e+03
1.889784e+02
0.000000e+00
-1.193001e+03
1.379010e+03
0.000000e+00
-7.472676e+02
-6.510083e+02
0.000000e+00
-9.249553e+02
-3.300183e+02
0.000000e+00
1.894688e+02
-8.642797e+02
0.000000e+00
-6.891344e+02
1.875908e+03
0.000000e+00
1.339918e+03
2.557681e+02
0.000000e+00
-1.158535e+03
1.099374e+03
0.000000e+00
-4.042020e+02
-6.957517e+02
0.000000e+00
-6.805660e+01
-1.085193e+02
0.000000e+00
1.078970e+03
1.271893e+02
0.000000e+00
-3.743317e+02
-7.568172e+01
0.000000e+00
1.040403e+02
-5.200947e+02
0.000000e+00
1.307108e+03
-1.172114e+01
0.000000e+00
3.017428e+02
5.483351e+02
0.000000e+00
1.080223e+02
-1.664910e+03
0.000000e+00
-1.608048e+02
-3.574850e+02
0.000000e+00
-4.977251e+02
-5.597332e+02
0.000000e+00
-3.621164e+02
5.166756e+02
0.000000e+00
-7.277234e+02
7.178985e+02
0.000000e+00
3.062439e+02
-6.437135e+02
0.000000e+00
-2.319771e+02
-7.175197e+02
0.000000e+00
-4.795532e+02
-1.350123e+03
0.000000e+00
2.184844e+02
-2.322817e+02
0.000000e+00
6.616429e+02
-1.270435e+03
0.000000e+00
-6.770431e+02
1.163188e+03
0.000000e+00
-1.669917e+01
-8.137657e+01
0.000000e+00
-1.157094e+03
3.167628e+02
0.000000e+00
4.937530e+02
6.549527e+02
0.000000e+00
9.838445e+02
2.955709e+02
0.000000e+00
-1.408488e+03
8.849677e+02
0.000000e+00
1.626948e+03
-7.360090e+02
0.000000e+00
-1.356525e+03
-3.449595e+02
0.000000e+00
3.129962e+02
-1.691883e+03
0.000000e+00
4.221711e+02
3.986957e+02
0.000000e+00
1.586260e+03
-9.774879e+02
0.000000e+00
1.883704e+02
1.573602e+02
0.000000e+00
-1.793719e+03
-6.321635e+02
0.000000e+00
-6.469946e+01
5.607894e+02
0.000000e+00
6.156834e+01
-6.191232e+01
0.000000e+00
2.239536e+01
-1.950252e+02
0.000000e+00
-1.003196e+01
3.492907e+02
0.000000e+00
-8.423087e+01
9.964873e+02
0.000000e+00
8.129821e+02
-1.086202e+03
0.000000e+00
-3.611204e+02
1.815952e+02
0.000000e+00
5.544777e+01
-2.349840e+02
0.000000e+00
-4.054927e+02
-4.205906e+02
0.000000e+00
1.625544e+03
-9.241018e+02
0.000000e+00
-9.349398e+02
-3.777341e+02
0.000000e+00
-1.279116e+03
-1.013922e+03
0.000000e+00
1.838660e+02
1.279982e+01
0.000000e+00
4.825777e+02
1.671934e+01
0.000000e+00
-3.225640e+02
3.859110e+02
0.000000e+00
-1.186086e+03
-4.884477e+02
0.000000e+00
-4.817614e+02
5.947639e+01
0.000000e+00
1.005636e+02
9.815012e+02
0.000000e+00
1.049624e+02
7.225087e+01
0.000000e+00
1.258235e+03
-1.373036e+03
0.000000e+00
-1.135535e+02
1.075549e+03
0.000000e+00
-4.885946e+02
7.666349e+01
0.000000e+00
7.925237e+02
1.652016e+03
0.000000e+00
1.912257e+02
-7.505078e+02
0.000000e+00
2.140126e+01
1.055544e+02
0.000000e+00
3.513004e+01
-3.430808e+02
0.000000e+00
-1.586591e+03
-7.778921e+02
0.000000e+00
-5.353661e+01
-1.813334e+02
0.000000e+00
4.524014e+02
2.563654e+02
0.000000e+00
-4.079243e+02
9.505838e+02
0.000000e+00
1.279707e+03
5.999306e+02
0.000000e+00
9.250434e+02
-2.508853e+02
0.000000e+00
1.223868e+03
-1.174270e+03
0.000000e+00
-4.976775e+02
-7.047383e+02
0.000000e+00
6.670722e+01
1.089524e+03
0.000000e+00
-3.207175e+02
9.288412e+02
0.000000e+00
2.207138e+02
3.890810e+01
0.000000e+00
-1.764686e+03
7.359101e+02
0.000000e+00
9.230756e+01
-1.249969e+03
0.000000e+00
7.200777e+02
2.684185e+01
0.000000e+00
-9.218713e+02
-1.770896e+03
0.000000e+00
-6.731444e+02
1.459174e+03
0.000000e+00
-1.401536e+03
1.044102e+03
0.000000e+00
5.171954e+01
1.287760e+03
0.000000e+00
-8.219335e+02
-2.106149e+02
0.000000e+00
-1.100167e+03
2.078506e+01
0.000000e+00
-6.085620e+02
-7.712608e+02
0.000000e+00
-6.294301e+02
1.891604e+02
0.000000e+00
-1.531387e+02
-1.011276e+02
0.000000e+00
-2.796690e+02
-2.812221e+02
0.000000e+00
-1.446648e+03
4.299594e+02
0.000000e+00
-9.830684e-01
-6.897764e+02
0.000000e+00
-7.334772e+02
1.205468e+03
0.000000e+00
2.235294e+01
-1.055732e+03
0.000000e+00
1.658947e+03
-1.116279e+03
0.000000e+00
-5.916955e+02
-3.902726e+02
0.000000e+00
1.230436e+02
9.972953e+02
0.000000e+00
1.376105e+02
4.449088e+01
0.000000e+00
-1.809947e+03
-1.678151e+02
0.000000e+00
2.626849e+01
-1.500601e+03
0.000000e+00
-1.089352e+03
5.535871e+02
0.000000e+00
1.459280e+03
6.627695e+02
0.000000e+00
-1.179583e+03
-3.349680e+02
0.000000e+00
1.688437e+02
-1.631010e+02
0.000000e+00
1.023082e+03
3.222397e+02
0.000000e+00
-1.836579e+03
2.463426e+02
0.000000e+00
-5.812224e+02
2.178009e+02
0.000000e+00
-2.957497e+02
-1.178909e+03
0.000000e+00
1.819819e+01
-4.743709e+02
0.000000e+00
-1.054914e+02
1.888009e+03
0.000000e+00
-7.211766e+02
1.145308e+03
0.000000e+00
6.448622e+02
-4.788814e+02
0.000000e+00
-4.766384e+01
7.668387e+01
0.000000e+00
-1.709289e+02
-2.600696e+02
0.000000e+00
-1.124771e+03
-6.935531e+02
0.000000e+00
1.551557e+03
8.452037e+02
0.000000e+00
-1.827041e+03
-7.628910e+01
0.000000e+00
-1.710017e+03
-5.527073e+02
0.000000e+00
-3.307899e+02
-6.661658e+02
0.000000e+00
6.866716e+01
-1.195753e+01
0.000000e+00
-6.677327e+02
-1.198621e+03
0.000000e+00
4.622648e+02
1.313970e+02
0.000000e+00
7.750381e+02
5.470447e+02
0.000000e+00
-9.704673e+02
9.845348e+02
0.000000e+00
-2.946160e+02
2.862025e+02
0.000000e+00
-4.240035e+01
-1.434121e+03
0.000000e+00
7.463981e+01
4.860932e+01
0.000000e+00
-9.345063e+02
-1.556074e+03
0.000000e+00
3.694241e+02
-7.143441e+01
0.000000e+00
-2.642537e+02
-1.300322e+02
0.000000e+00
-6.000251e+02
-6.047017e+02
0.000000e+00
1.011254e+02
3.520387e+02
0.000000e+00
-1.271612e+03
-7.354248e+01
0.000000e+00
-1.136050e+03
-1.318774e+03
0.000000e+00
-1.164353e+03
1.253100e+03
0.000000e+00
-1.369408e+02
-3.319904e+02
0.000000e+00
1.661536e+03
-4.346490e+02
0.000000e+00
1.746376e+03
4.437906e+02
0.000000e+00
-9.846415e+01
-2.392179e+02
0.000000e+00
-3.884001e+02
-1.303849e+03
0.000000e+00
-2.903805e+02
-1.684640e+03
0.000000e+00
1.396174e+03
8.726006e+02
0.000000e+00
6.434348e+02
1.007251e+03
0.000000e+00
-5.631027e+02
-5.872668e+02
0.000000e+00
-6.946353e+02
-1.237028e+03
0.000000e+00
-6.106072e+01
2.464283e+01
0.000000e+00
1.857447e+03
1.072570e+02
0.000000e+00
2.087519e+02
-2.093834e+02
0.000000e+00
1.591025e+03
-2.463956e+02
0.000000e+00
4.944169e+02
-1.757976e+02
0.000000e+00
-1.061307e+03
-7.824072e+02
0.000000e+00
1.521534e+02
2.949907e+02
0.000000e+00
1.010236e+03
-3.987939e+02
0.000000e+00
-4.113994e+02
-6.692048e+02
0.000000e+00
1.372625e+03
-1.997746e+02
0.000000e+00
-1.116300e+02
9.736369e+01
0.000000e+00
9.648936e+02
9.010839e+02
0.000000e+00
-2.144463e+02
-2.607371e+00
0.000000e+00
3.055663e+02
4.237390e+02
0.000000e+00
-1.258367e+02
1.057391e+01
0.000000e+00
-1.696986e+02
-5.415850e+02
0.000000e+00
-1.757840e+03
-2.504785e+02
0.000000e+00
-3.722786e+02
-1.184839e+03
0.000000e+00
-8.539211e+02
-7.254221e+02
0.000000e+00
1.029177e+03
1.419833e+03
0.000000e+00
3.194153e+02
2.827969e+02
0.000000e+00
-1.413621e+03
-1.105555e+02
0.000000e+00
6.150198e+01
2.889743e+02
0.000000e+00
-1.292505e+02
3.750682e+02
0.000000e+00
9.577404e+02
1.605781e+03
0.000000e+00
-6.385539e+01
-3.903881e+01
0.000000e+00
-3.081087e+02
-1.768791e+03
0.000000e+00
-4.214456e+02
6.062726e+01
0.000000e+00
-4.103921e+02
1.331400e+03
0.000000e+00
-5.004663e+02
-6.853645e+01
0.000000e+00
-4.636478e+02
-5.196344e+02
0.000000e+00
7.409457e+02
2.726129e+02
0.000000e+00
6.457860e+02
-1.135503e+02
0.000000e+00
-1.062858e+03
-3.633558e+01
0.000000e+00
4.203141e+02
-1.342032e+03
0.000000e+00
2.674995e+02
1.961853e+02
0.000000e+00
-8.043923e+02
-1.300293e+03
0.000000e+00
9.033598e+02
7.555747e+02
0.000000e+00
7.769244e+02
-1.709855e+03
0.000000e+00
3.877625e+02
1.226146e+02
0.000000e+00
1.096675e+03
-5.180956e+01
0.000000e+00
-9.735263e+01
4.167746e+02
0.000000e+00
-8.963192e+02
9.610610e+02
0.000000e+00
1.376614e+03
1.035038e+03
0.000000e+00
-3.172357e+01
6.005535e+01
0.000000e+00
-8.170737e+02
4.566066e+01
0.000000e+00
-6.366849e+02
1.263598e+03
0.000000e+00
-2.375642e+02
-8.383009e+02
0.000000e+00
-1.475994e+03
-1.284955e+03
0.000000e+00
-1.110451e+02
-8.858504e+02
0.000000e+00
3.066239e+02
2.106720e+02
0.000000e+00
4.348605e+02
-1.057250e+03
0.000000e+00
-3.409269e+02
-1.500752e+03
0.000000e+00
1.219880e+03
-9.620224e+02
0.000000e+00
4.824061e+02
9.117804e+02
0.000000e+00
5.262356e+02
-1.845534e+02
0.000000e+00
-4.927210e+01
8.312126e+02
0.000000e+00
-1.887256e+03
5.598072e+02
0.000000e+00
-3.315185e+01
-5.282007e+01
0.000000e+00
6.382788e+02
1.138437e+03
0.000000e+00
-1.420103e+03
-8.071436e+02
0.000000e+00
-4.397044e+02
-1.829024e+02
0.000000e+00
-6.237309e+01
1.472735e+03
0.000000e+00
-2.029471e+01
1.043562e+02
0.000000e+00
-4.523649e+02
-1.205034e+02
0.000000e+00
1.580489e+03
6.464931e+02
0.000000e+00
6.443488e+02
-5.626534e+02
0.000000e+00
4.673041e+02
5.676300e+02
0.000000e+00
4.363375e+02
3.179174e+01
0.000000e+00
1.612688e+03
3.685139e+02
0.000000e+00
-7.711317e+02
-2.983835e+01
0.000000e+00
-1.484896e+03
-4.551955e+02
0.000000e+00
-3.770582e+02
-2.066025e+02
0.000000e+00
-1.399997e+03
1.140649e+03
0.000000e+00
-1.788626e+03
3.778270e+02
0.000000e+00
-5.033484e+01
9.509938e+01
0.000000e+00
-8.349625e+00
-5.760846e+01
0.000000e+00
8.551341e+02
-4.097645e+02
0.000000e+00
-2.285551e+02
1.937821e+03
0.000000e+00
-7.191996e+02
-4.156161e+02
0.000000e+00
2.109991e+02
3.669938e+02
0.000000e+00
-5.895749e+02
1.584153e+03
0.000000e+00
-7.115671e+02
6.357014e+02
0.000000e+00
3.625712e+02
1.924930e+02
0.000000e+00
1.201046e+03
7.606235e+02
0.000000e+00
1.239866e+03
-1.012683e+03
0.000000e+00
-6.560775e+02
7.937980e+02
0.000000e+00
4.110492e+02
1.669235e+02
0.000000e+00
-5.037270e+02
1.585533e+02
0.000000e+00
-9.596151e+02
5.955531e+02
0.000000e+00
1.189325e+01
1.705101e+02
0.000000e+00
-1.595946e+03
-9.032768e+02
0.000000e+00
-1.285712e+03
-7.888574e+02
0.000000e+00
4.677150e+02
3.024910e+02
0.000000e+00
-5.230462e+02
-6.814743e+02
0.000000e+00
4.191366e+02
-6.887606e+02
0.000000e+00
-9.760697e+02
7.079378e+02
0.000000e+00
-5.731173e+02
-2.640869e+02
0.000000e+00
2.013146e+02
-3.214698e+02
0.000000e+00
9.841319e+02
1.001357e+03
0.000000e+00
3.111906e+02
7.347159e+02
0.000000e+00
-3.619354e+02
1.039999e+03
0.000000e+00
6.381216e+02
1.385537e+03
0.000000e+00
6.828290e+02
-1.124562e+03
0.000000e+00
-3.502721e+02
2.569214e+02
0.000000e+00
5.725078e+02
-9.783859e+02
0.000000e+00
-1.032091e+03
-4.447423e+02
0.000000e+00
-3.810793e+02
1.527317e+03
0.000000e+00
-1.208844e+03
-1.223845e+02
0.000000e+00
7.195503e+02
-5.953842e+02
0.000000e+00
7.758940e+01
-2.805141e+02
0.000000e+00
-1.248359e+03
-7.317538e+02
0.000000e+00
-7.830106e+02
-6.558077e+02
0.000000e+00
8.285224e+02
-9.907953e+02
0.000000e+00
7.430029e+01
2.102144e+01
0.000000e+00
3.272228e+02
5.724834e+02
0.000000e+00
-7.307882e+02
-1.429937e+03
0.000000e+00
-1.531678e+03
3.573864e+02
0.000000e+00
-1.511862e+02
-1.226990e+02
0.000000e+00
-1.009629e+03
-3.189445e+02
0.000000e+00
-2.409381e+02
-4.519531e+02
0.000000e+00
-1.090195e+03
1.712332e+02
0.000000e+00
1.873610e+02
2.609089e+02
0.000000e+00
-2.911698e+02
-1.879768e+03
0.000000e+00
4.817958e+01
7.713840e+02
0.000000e+00
1.874907e+03
5.839249e+02
0.000000e+00
