1.2742507053982717 29202.91902407197 0.8779400963814199 1 0 13.813502600903139
2.341712008062861 27690.034564475172 9.696784658772888 2 1 12.972184785948555
2.5904362500243767 16544.13369320609 13.790401181771959 3 3 12.611046315795862
2.3162554751452005 10730.47936986148 16.93457679176257 4 4 12.345287533351813
3.997678686509892 22987.349843935197 12.281192537127087 5 5 12.74214298144735
3.1664792605155667 21634.229101412562 17.101055690761818 6 6 12.331499925476974
3.5484374234857334 30312.862478662493 18.32939968716645 7 7 12.230495477418508
2.194945677964947 20341.013998620183 14.499505879857729 8 8 12.550239135002537
3.204939218454695 52048.90514801009 12.074157589021706 9 9 12.760301218108761
1.633904421507058 43466.22373567996 17.06931950369076 10 10 12.334115241805401
1.0482208460716878 24684.185716924538 14.390856133287123 11 11 12.559523246819609
0.8630508093396856 11214.218476340566 17.082341766312016 12 13 12.333041277184558
2.0131602396950306 15480.72777504129 10.897235725275685 13 14 12.864438182774972
0.7351692574945239 30256.11589751506 18.119257474035727 14 15 12.247665484922965
2.4235513694698385 25575.485085411958 17.404978440905428 15 16 12.30637510025858
3.8268584358172832 19295.31207429795 15.987389900542373 16 17 12.42431913789979
4.213403513463333 75657.34336978267 18.909550957583857 17 18 12.18329971990915
3.5137779510001623 75367.09181237684 16.123858288627705 18 19 12.412871230101347
4.68991504941212 58597.57753461563 9.609184693585565 19 20 12.980099016807634
2.6561414354041353 71534.32944639272 11.427019007685484 20 22 12.817376555110679
2.1317370074054884 35574.568560668704 13.95130322546232 21 24 12.597196031300017
1.8023372009432164 14611.572061651928 13.715558717235195 22 25 12.617484969452265
1.7018720827325964 53135.85721509074 14.830751136013859 23 26 12.52201349275605
1.5959166661217334 45499.12794148926 13.82928387121557 24 27 12.607706029091027
2.1189479416349553 53596.723300461126 11.293241803510853 25 28 12.829235073687917
2.015233504504358 87165.72431207138 11.783197496842371 26 29 12.785917088982789
1.672238066623339 65632.489401735 12.884004380783898 27 30 12.689495405513208
0.5174781525590306 71919.35014036097 15.195655930770878 28 31 12.491039538833265
2.300248303283502 91806.02940912009 14.411019515563506 29 32 12.557801611171225
0.7980357279824648 114828.80326207298 11.412632677730906 30 33 12.818668480576736
1.5982773091494786 110440.47978623178 13.398393101370079 31 34 12.644851466744344
2.6186893106635187 82088.64878696593 15.022634063095428 32 35 12.505716870948667
0.06930701656438965 61572.07191570141 15.47706806361704 33 36 12.467252176317492
0.14709667728718323 53021.60952402128 13.109262484829124 34 37 12.669912616308588
0.29799228166649494 63442.474311920094 10.958444477117201 35 38 12.858986542676828
0.15480157142614506 73916.47554893605 13.744266331090088 36 39 12.615015206268774
0.6900114540476899 59987.078955822304 16.08596540504806 37 40 12.416045531883414
1.4571404027874595 51852.64353772954 12.806220547028008 38 41 12.696256799461928
2.069463169970044 105729.67909293978 15.195964042686308 39 42 12.491022564533338
2.5323240996912437 91882.59977968317 19.47148484549908 40 43 12.137868393037174
1.1459900713735827 98072.77570555292 15.64882744699039 41 44 12.452793286337185
0.4466031194124087 87723.51440872069 17.650516786292137 42 45 12.286141165590205
1.935010122194813 54517.69412176654 13.225310287957381 43 46 12.65984517704547
3.4878285345416913 52989.93977012744 12.790490055484874 44 47 12.697633644132047
3.9003864259722225 29901.870459135593 15.435878014400169 45 48 12.470741002856816
3.145228694648614 32468.962538995518 14.344526647861061 46 49 12.563487035690235
4.4487408470568575 53357.78162765885 9.479532750883855 47 50 12.991847977675658
4.564555636180255 13488.978953246879 16.942133811083743 48 53 12.344664038857
4.455853928395294 25059.214033123848 14.230293541815174 49 54 12.573259885279729
4.936999277276426 13918.161831115725 19.0637005663884 50 55 12.170811346344026
3.951818889585154 34645.138485863135 15.59601374898489 51 56 12.457218273196732
1.2241011982937193 12730.915616680068 16.975694948324207 52 57 12.341892777283157
1.3252642174508542 16189.975648551983 13.736165051733908 53 58 12.615710463134091
1.2701693797800613 42853.29836184811 13.757812881731962 54 59 12.613848625026863
3.5115160559751657 70249.99965185503 11.816096585638439 55 61 12.783003032458355
4.4864584381525034 71767.23019834435 10.561900352400823 56 62 12.894399582406663
4.790427826237849 87147.66619111937 15.276421929475507 57 65 12.484215140718451
2.411706504172293 82797.69826021537 12.08508048748288 58 66 12.759341942275784
2.3211018616424384 80261.09455651205 10.966870548999726 59 67 12.858251973504988
2.3524619896500742 110516.70355981804 12.376162152419953 60 69 12.73382464882922
1.3250934706940076 109587.42908430404 13.08321863640132 61 70 12.672177669024174
0.08327966571360301 102058.19165217096 12.148272664841919 62 71 12.753794619312535
0.027045212618955677 84522.65757696978 11.316006233149531 63 72 12.827226445888822
0.5549802957040307 41729.84738184742 15.702674441708007 64 73 12.448228770524238
1.5672050769026868 65465.19792256256 13.91123680353038 65 74 12.600640908287088
0.06893935711796373 64005.45019922741 15.061015697619624 66 76 12.502450974190102
0.7233372844510145 65055.23258388527 13.602671050389342 67 77 12.627215095342896
0.09679606616196257 22846.822967391483 13.157150027045923 68 78 12.665767698315765
1.4260470783080579 31005.161818884495 13.923478916519302 69 79 12.5995968644684
0.8868175259164783 47444.25818543117 14.616866169110752 70 80 12.540226678472237
1.1909247236860903 59361.335847481096 11.744320028716679 71 81 12.789338867897353
0.6344492084671275 56118.58722957388 12.480416666969788 72 82 12.724687732008578
1.637287597370332 115434.946246026 12.606064105162758 73 83 12.713721992576488
0.6835496107570722 118725.54505939991 17.190808440701375 74 84 12.324070204927514
0.8200359865207305 92397.8643856904 12.816971188921077 75 85 12.695333430381014
1.4034274539143539 75914.35134158301 13.218738820840537 76 86 12.660420057005744
4.085195604060742 62106.94031884312 13.74440984148491 77 87 12.614996685690056
4.087006602049428 77775.84778020218 10.572117246848421 78 88 12.893473110014003
2.0937254740878553 48583.92115714267 15.838154013492527 79 89 12.436845340127304
3.340421189517518 68358.46767663561 13.122375951288577 80 90 12.668780479582315
1.786628082183101 116620.57019740366 14.554549006651463 81 91 12.545545496278017
2.7318779168178335 104970.70850453114 14.993622392712453 82 92 12.508166378073927
4.819762998368961 106052.17539873047 11.880020072509742 83 93 12.777383613600286
2.6452198854230358 88119.85897472448 11.70346862753663 84 94 12.792951975108453
1.0699473654028733 88665.04840391358 18.55074163544359 85 95 12.212447990149549
0.40396827992983464 74577.65254111816 14.77205453634328 86 96 12.527000547042997
0.004381922128154747 97452.42315286187 14.349104205961915 87 97 12.563087184186436
1.1530849401422396 89233.44977423953 16.341418907612933 88 98 12.394681291129757
0.7354381060095687 31483.036431180008 13.617451391902243 89 99 12.625944482541376
0.7192523836365472 40501.0256043814 14.082765415700022 90 100 12.585905619249019
0.8312341356729215 53402.25168269348 15.229459152528795 91 101 12.488191466170994
1.6086065820158142 57147.52970752818 14.992569247382885 92 102 12.508270772271317
0.36341565950540944 53754.05037883388 14.906934518296088 93 103 12.515549508562183
0.6032251702761445 66561.7440520883 12.90837352071851 94 104 12.68736989237333
1.3431680469086538 68471.22024535408 17.448079717779144 95 106 12.302808728814062
1.2611502855252967 48605.39802101924 19.15837522331687 96 107 12.163143666996936
1.9486941650517153 71658.62476388058 16.410139776501502 97 108 12.388942677385435
3.5294768505141034 103383.91646401884 13.265169138658006 98 109 12.6563967685701
2.9497543892473606 97683.8438466928 11.049121148559951 99 111 12.850931392057364
2.4373274443155286 60694.699071043615 10.344566921301137 100 112 12.913862549893349
3.5618938994827403 58358.12636810471 12.046097569417391 101 113 12.762761500316044
4.742301567455033 14390.996633112292 11.475828316755386 102 114 12.813063505593364
4.546923392947281 51546.49755586142 12.231119042336374 103 117 12.746521316415873
4.571471873016976 64074.92210534454 11.872251311103039 104 118 12.778081522800285
3.7281094286951175 95829.77971066 10.672562192848138 105 119 12.88448696113002
2.7140142830758 108917.80102566144 12.309501878817512 106 120 12.73964934225742
2.0027427948660823 95990.37280144953 11.072226103770113 107 121 12.848869272340242
2.1503551432027135 87767.32064165028 9.498437663189426 108 122 12.990132002898275
1.5457630101725621 105364.53048692946 11.39802901423463 109 123 12.819961244372621
2.1066868887322956 106765.95347449096 13.538280756330867 110 124 12.632785849437871
2.900942119591048 93023.17308054799 14.594414699758909 111 125 12.542155834514256
3.05247746664948 101982.06190216052 18.687657821030946 112 126 12.20130187259104
2.0515593019880427 110090.0285540986 15.518737653085472 113 127 12.463745268141436
2.1112192881469696 117048.60360624126 16.86297254847394 114 128 12.35122951814544
3.5131111090417733 86478.39301986 16.531646368324974 115 129 12.378800765273363
4.664095893606818 77806.05891159194 13.157264768118917 116 130 12.665749955990279
3.1691459416025785 51526.995378398875 17.48476998090557 117 131 12.299779507088477
3.9428252224767055 61603.78358094267 12.20959507144331 118 133 12.748422382154299
3.6309740339717553 86357.72156086605 12.030192331933488 119 134 12.764157078332431
3.1180173034472505 101560.99703646527 10.513456112906795 120 135 12.898718523322652
4.570562524481201 105918.8703887219 18.645201103260902 121 136 12.20477633571942
4.989260291538122 111770.78733849115 13.096709064970675 122 137 12.671010598866257
3.7191644969714788 82418.90443954122 15.179900435867886 123 138 12.49237751046895
3.078813132738364 94517.52037044252 11.608113813751725 124 139 12.801383599711208
1.7998710972124554 74852.74464829182 15.899762198794082 125 142 12.431674973403654
3.837337550455933 46640.9866633864 19.883940561496114 126 143 12.10473756350809
3.761903712113467 52176.02218848531 14.695146312154968 127 144 12.53356962530096
3.7900088083281336 39077.230934687956 12.709959590360874 128 146 12.704657307696134
3.4139585308210534 53103.93446291477 15.609284612789313 129 148 12.456108100033708
3.836314356021787 75429.98700632667 15.917084717393507 130 149 12.43021821700946
3.6324349737085746 78498.71470596743 15.339286526464848 131 150 12.478901412988936
2.8747426057125525 51563.73758321818 15.409183125084061 132 151 12.472998875089926
0.6326060342154616 87449.2080189123 14.47638082240436 133 152 12.552203308420182
0.5850750573831698 57320.29938216129 15.83906085721351 134 153 12.43677592718794
0.003875995222434092 32467.57212593176 19.72565964002955 135 154 12.117435471595678
1.3336067211325908 48021.7951119364 14.75022829142149 136 155 12.52887737235996
2.0998254459471286 65041.49477563234 19.268981616385034 137 156 12.154216325970404
2.714075759784895 29392.348024164225 17.49658520644752 138 157 12.298810352283526
4.0022773289481774 39997.124021482705 13.531802232233288 139 158 12.633324893482621
3.9134775192445272 34634.6462621549 13.474910119981562 140 159 12.638253298890792
4.802736595548382 16868.24819269403 12.60676988918473 141 160 12.713669987528021
4.141655190001739 10898.13855996764 15.900101052902636 142 161 12.431658037478762
3.1894831803592227 31180.01997790706 16.66201848300631 143 162 12.367933848018051
3.7130681890199804 49759.684218213995 19.335623234109715 144 163 12.148829685838981
3.3433729254151885 38905.016666009964 19.340343700456867 145 164 12.148449654293517
3.74337559850647 27537.905947078092 16.798618193936328 146 165 12.356583865295121
1.838314195668721 33896.00383796397 16.660011111757196 147 166 12.368107366547873
3.6005583796278176 31439.815407019196 14.65817602091293 148 167 12.536698206662564
3.068755840059035 10673.640433214357 11.856351871699285 149 168 12.779478126375677
2.2077189181027883 46781.31098822279 11.600168526266659 150 169 12.802064058404921
1.6255929459567708 51936.61177110265 11.597901661299332 151 170 12.802273071703667
3.5940141608530287 48618.68580049795 9.981969896178919 152 171 12.946437976707237
4.298871391882555 83911.63984917446 10.969506322639587 153 172 12.858007178279308
3.535436039846447 98610.53719287668 15.55232896775279 154 173 12.460898583110882
4.8949236203364315 73576.01862017611 16.919390253579376 155 175 12.346534721611212
3.339933503754427 65064.891167140304 18.446992164074977 156 176 12.220901204944507
3.9326860745490806 99637.89277850022 12.290061137192982 157 177 12.74135853496229
4.009479162813369 86920.88745642913 12.67261796212506 158 179 12.707899897608446
3.391137458051696 91361.60286424347 11.137426180994522 159 180 12.843068806130645
3.571897272018062 80762.43206138213 11.607826688798141 160 182 12.801400768986941
3.3190293858677693 49805.01047356021 13.612909226049183 161 183 12.626345470965584
4.095702499473639 36115.966694165356 17.18849456927996 162 184 12.32426051041123
2.6476267096390558 26261.541771715034 19.04318220727069 163 185 12.172469465788113
2.432805722534729 29450.390690844546 17.29081091196717 164 186 12.315793711894216
2.942503162656764 32041.862540460847 18.53776224922066 165 187 12.213503457247008
3.205422969947275 43670.146753706555 16.59754413198871 166 188 12.37330735385451
2.6261617697099555 43451.02125399464 19.10261907077092 167 189 12.167650152988836
0.8888130125280111 66240.54737510027 15.204993189342575 168 190 12.490258520711844
1.597773747757131 59737.52410875303 11.915611071695457 169 191 12.774260390501098
1.6656397359639084 62680.24456491181 10.316999083061258 170 192 12.916329227625164
2.1071759979894606 56628.9180462951 10.330262458539128 171 193 12.915139511532225
2.4560930056392634 42191.465708967626 9.827712726484243 172 194 12.960351255657875
2.5640950475981925 58581.29832392062 9.719367138305763 173 195 12.970137118110392
2.6032195137545027 44743.1031753492 13.761378492622296 174 197 12.61353511235186
2.9543396278192695 29098.678435450434 15.402136767513317 175 198 12.473588878193716
2.457717933479201 46220.8213997147 12.599350728889775 176 199 12.714296731103042
3.7710349813647657 76211.50412318899 16.485167610468093 177 200 12.382666344893371
3.0909237900715567 65188.43530225259 18.38379571174013 178 201 12.226052173036333
2.5900199519492824 69407.35682583475 12.463215757820468 179 202 12.72620486122127
3.908186683714279 71739.67075205503 11.779049506881131 180 203 12.786284218504127
3.94847144590782 84391.51358188502 11.402414590687739 181 206 12.81955890365105
3.1903971162595184 89754.76026902621 13.834458904785537 182 207 12.607252581673896
3.423999406683237 101985.66291040907 13.246061060765316 183 208 12.65806867130931
4.205835789398413 85332.40633243982 18.32703163530051 184 209 12.23068610572685
4.491487783456636 104710.64246164921 19.758186278325773 185 210 12.114830730545105
3.332071771913882 112183.51793100532 15.430961972822239 186 211 12.471140869845332
4.02720389246461 109734.61927429076 10.487301633634303 187 212 12.901061761829135
4.21751039280539 91042.74039124216 10.485858500476882 188 214 12.901201808596351
3.891984247315043 77319.95192854396 9.451846528575238 189 216 12.99435206085886
3.4211317039005005 90384.90091404601 10.432793270169656 190 218 12.905940716529447
3.701382480576348 95189.7537096998 11.330738898912362 191 220 12.8259164937222
1.6345926313316532 108019.4667360428 11.463064692160618 192 221 12.814198472800484
2.7304381814097516 101881.41062492163 17.42930540287378 193 223 12.304367294584752
2.0092202306357936 91314.90447075757 13.520675335643901 194 224 12.63430056205344
2.0648731173326675 89125.21644228873 14.73782008685327 195 225 12.52992014923296
2.0380596638854525 111043.84178891068 12.093630176639625 196 226 12.758592157314418
2.6894319605877417 104765.81974337273 17.149825549561726 197 227 12.327447683615604
3.3007832456227026 109773.44802211065 11.66191897196477 198 228 12.796617481150095
3.9114987239007664 110086.89319593747 13.406293332916862 199 229 12.644189976714138
2.7506653651100867 94964.61767481558 11.08316153736069 200 230 12.847891413089984
