0	0	0
15	0.300847	0.233414
30	0.553626	0.193856
45	0.504217	0.214066
60	0.610887	0.107597
75	0.632758	0.0485119
90	0.613904	0.0657723
105	0.621612	0.0461931
120	0.569683	0.132383
135	0.573946	0.127119
150	0.568451	0.12934
165	0.565517	0.141034
180	0.570856	0.1267
195	0.545439	0.152253
210	0.567657	0.132269
225	0.550871	0.137853
240	0.546411	0.155307
255	0.545074	0.15928
270	0.556544	0.145563
285	0.575624	0.13028
300	0.535604	0.151995
315	0.530633	0.13411
330	0.514694	0.171262
345	0.496626	0.177789
360	0.530731	0.171641
375	0.526252	0.163904
390	0.540526	0.151431
405	0.53451	0.150003
420	0.521683	0.159922
435	0.503859	0.180373
450	0.558078	0.1365
465	0.532269	0.159249
480	0.49907	0.180653
495	0.524615	0.159244
510	0.517397	0.171077
525	0.524891	0.160488
540	0.537195	0.149671
555	0.521655	0.156807
570	0.49754	0.169539
585	0.517112	0.162271
600	0.535629	0.149309
615	0.513531	0.171927
630	0.492615	0.161889
645	0.496531	0.172244
660	0.526521	0.174235
675	0.5069	0.161093
690	0.520414	0.160951
705	0.518678	0.163922
720	0.502852	0.176109
735	0.502725	0.184084
750	0.504011	0.1687
765	0.514261	0.168966
780	0.496607	0.180044
795	0.521306	0.155324
810	0.499212	0.17592
825	0.526737	0.162666
840	0.51816	0.156731
855	0.532529	0.166746
870	0.527649	0.14642
885	0.491927	0.163439
900	0.503969	0.17582
