0	0	0
15	0.213026	0.0952103
30	0.275392	0.0934909
45	0.246344	0.0969483
60	0.258403	0.106276
75	0.232922	0.100472
90	0.266707	0.101418
105	0.247793	0.0984301
120	0.256345	0.0935061
135	0.254343	0.112081
150	0.263053	0.101323
165	0.242482	0.110724
180	0.258115	0.102765
195	0.239424	0.0959029
210	0.247958	0.116939
225	0.255518	0.101176
240	0.243034	0.103994
255	0.263572	0.100861
270	0.268498	0.0999036
285	0.245794	0.0984478
300	0.244814	0.110148
315	0.244183	0.105969
330	0.250831	0.102775
345	0.245917	0.106656
360	0.254002	0.109188
375	0.243199	0.0978868
390	0.255189	0.106782
405	0.26531	0.108217
420	0.262861	0.100922
435	0.231471	0.111378
450	0.23606	0.106611
465	0.247681	0.105975
480	0.252219	0.103533
495	0.258245	0.104503
510	0.238834	0.0962674
525	0.239398	0.0974052
540	0.246625	0.0992875
555	0.266013	0.0935155
570	0.259995	0.0983241
585	0.246112	0.0993071
600	0.253659	0.101962
615	0.23518	0.110706
630	0.234734	0.101
645	0.22602	0.0980026
660	0.253557	0.108361
675	0.234642	0.098715
690	0.259984	0.10538
705	0.238864	0.105589
720	0.245082	0.096136
735	0.262334	0.10041
750	0.236465	0.0977831
765	0.255044	0.105154
780	0.243375	0.0973989
795	0.238828	0.114713
810	0.2386	0.0984853
825	0.232566	0.10973
840	0.238794	0.109041
855	0.251948	0.105644
870	0.234168	0.104451
885	0.22827	0.0972881
900	0.247016	0.103087
